0
0.5166
0.70117
0.53027
0.29395
0.29248
0.53174
0.72314
0.5835
0.13818
-0.28467
-0.3623
-0.085938
0.23877
0.29639
0.068848
-0.16162
-0.11182
0.2002
0.45947
0.36084
-0.085938
-0.55664
-0.72314
-0.55859
-0.34521
-0.37012
-0.62744
-0.81494
-0.64355
-0.13477
0.37939
0.56641
0.40332
0.17969
0.19531
0.45557
0.67041
0.55664
0.13818
-0.25781
-0.30957
-0.0097656
0.33594
0.41064
0.19531
-0.026855
0.025391
0.33447
0.58594
0.4751
0.01123
-0.48047
-0.67041
-0.53174
-0.34521
-0.39697
-0.67969
-0.8916
-0.74072
-0.24902
0.25244
0.43164
0.26611
0.04541
0.068848
0.3418
0.57373
0.48047
0.085938
-0.28467
-0.30957
0.01709
0.38867
0.48682
0.29248
0.086914
0.15234
0.46924
0.72363
0.60986
0.13818
-0.36621
-0.57373
-0.45557
-0.29248
-0.37012
-0.67969
-0.91846
-0.79297
-0.3252
0.15527
0.31738
0.13916
-0.089355
-0.068848
0.20703
0.44678
0.36621
-0.01123
-0.36084
-0.3623
-0.0097656
0.38867
0.51318
0.34521
0.16357
0.24951
0.5835
0.85059
0.74414
0.27539
-0.23145
-0.44678
-0.3418
-0.19531
-0.29395
-0.62744
-0.8916
-0.79297
-0.35205
0.10254
0.24121
0.041992
-0.20361
-0.19531
0.072266
0.30908
0.23145
-0.13818
-0.4751
-0.45947
-0.085938
0.33594
0.48682
0.34521
0.18994
0.30176
0.65967
0.94727
0.8584
0.40234
-0.09668
-0.30908
-0.20703
-0.068848
-0.17969
-0.53027
-0.81494
-0.74072
-0.3252
0.10254
0.21436
-0.010254
-0.27979
-0.29248
-0.041992
0.18262
0.09668
-0.27539
-0.60986
-0.58594
-0.2002
0.23877
0.41064
0.29248
0.16357
0.30176
0.68652
0.99951
0.93457
0.49951
0.01709
-0.18262
-0.072266
0.068848
-0.04541
-0.40332
-0.70117
-0.64355
-0.24902
0.15527
0.24121
-0.010254
-0.30664
-0.34521
-0.11816
0.085449
-0.01709
-0.40234
-0.74414
-0.72363
-0.33447
0.11182
0.29639
0.19531
0.086914
0.24951
0.65967
0.99951
0.96143
0.55225
0.093262
-0.085449
0.041992
0.19531
0.089355
-0.26611
-0.56641
-0.5166
-0.13477
0.25244
0.31738
0.041992
-0.27979
-0.34521
-0.14502
0.032715
-0.093262
-0.49951
-0.8584
-0.85059
-0.46924
-0.025391
0.16162
0.068848
-0.026855
0.15234
0.5835
0.94727
0.93457
0.55225
0.12012
-0.032715
0.11816
0.29248
0.20361
-0.13916
-0.43164
-0.37939
0
0.37939
0.43164
0.13916
-0.20361
-0.29248
-0.11816
0.032715
-0.12012
-0.55225
-0.93457
-0.94727
-0.5835
-0.15234
0.026855
-0.068848
-0.16162
0.025391
0.46924
0.85059
0.8584
0.49951
0.093262
-0.032715
0.14502
0.34521
0.27979
-0.041992
-0.31738
-0.25244
0.13477
0.5166
0.56641
0.26611
-0.089355
-0.19531
-0.041992
0.085449
-0.093262
-0.55225
-0.96143
-1
-0.65967
-0.24951
-0.086914
-0.19531
-0.29639
-0.11182
0.33447
0.72363
0.74414
0.40234
0.01709
-0.085449
0.11816
0.34521
0.30664
0.010254
-0.24121
-0.15527
0.24902
0.64355
0.70117
0.40332
0.04541
-0.068848
0.072266
0.18262
-0.01709
-0.49951
-0.93457
-1
-0.68652
-0.30176
-0.16357
-0.29248
-0.41064
-0.23877
0.2002
0.58594
0.60986
0.27539
-0.09668
-0.18262
0.041992
0.29248
0.27979
0.010254
-0.21484
-0.10254
0.3252
0.74072
0.81494
0.53027
0.17969
0.068848
0.20703
0.30908
0.09668
-0.40234
-0.8584
-0.94727
-0.65967
-0.30176
-0.19043
-0.34521
-0.48682
-0.33594
0.085938
0.45947
0.4751
0.13818
-0.23145
-0.30908
-0.072266
0.19531
0.20361
-0.041992
-0.24121
-0.10254
0.35156
0.79297
0.8916
0.62744
0.29395
0.19531
0.3418
0.44678
0.23145
-0.27539
-0.74414
-0.85059
-0.5835
-0.24951
-0.16357
-0.34521
-0.51367
-0.38867
0.0097656
0.3623
0.36084
0.01123
-0.36621
-0.44678
-0.20703
0.068848
0.089355
-0.13916
-0.31738
-0.15527
0.3252
0.79297
0.91797
0.67969
0.37012
0.29248
0.45557
0.57373
0.36621
-0.13818
-0.60986
-0.72363
-0.46924
-0.15234
-0.086914
-0.29248
-0.48682
-0.38867
-0.01709
0.30957
0.28467
-0.085938
-0.48047
-0.57373
-0.3418
-0.068848
-0.04541
-0.26611
-0.43164
-0.25244
0.24902
0.74072
0.8916
0.67969
0.39697
0.34521
0.53174
0.67041
0.48047
-0.01123
-0.4751
-0.58594
-0.33447
-0.025391
0.026855
-0.19531
-0.41064
-0.33594
0.0097656
0.30957
0.25781
-0.13818
-0.55664
-0.67041
-0.45557
-0.19531
-0.17969
-0.40332
-0.56641
-0.37939
0.13477
0.64355
0.81494
0.62744
0.37012
0.34521
0.55859
0.72314
0.55664
0.085938
-0.36084
-0.45947
-0.2002
0.11182
0.16162
-0.068848
-0.29639
-0.23877
0.085938
0.3623
0.28467
-0.13818
-0.5835
-0.72314
-0.53174
-0.29248
-0.29395
-0.53027
-0.70117
-0.5166
0
0.5166
0.70117
0.53027
0.29395
0.29248
0.53174
0.72314
0.5835
0.13818
-0.28467
-0.3623
-0.085938
0.23877
0.29639
0.068848
-0.16162
-0.11182
0.2002
0.45947
0.36084
-0.085938
-0.55664
-0.72314
-0.55859
-0.34521
-0.37012
-0.62744
-0.81494
-0.64355
-0.13477
0.37939
0.56641
0.40332
0.17969
0.19531
0.45557
0.67041
0.55664
0.13818
-0.25781
-0.30957
-0.0097656
0.33594
0.41064
0.19531
-0.026855
0.025391
0.33447
0.58594
0.4751
0.01123
-0.48047
-0.67041
-0.53174
-0.34521
-0.39697
-0.67969
-0.8916
-0.74072
-0.24902
0.25244
0.43164
0.26611
0.04541
0.068848
0.3418
0.57373
0.48047
0.085938
-0.28467
-0.30957
0.01709
0.38867
0.48682
0.29248
0.086914
0.15234
0.46924
0.72363
0.60986
0.13818
-0.36621
-0.57373
-0.45557
-0.29248
-0.37012
-0.67969
-0.91846
-0.79297
-0.3252
0.15527
0.31738
0.13916
-0.089355
-0.068848
0.20703
0.44678
0.36621
-0.01123
-0.36084
-0.3623
-0.0097656
0.38867
0.51318
0.34521
0.16357
0.24951
0.5835
0.85059
0.74414
0.27539
-0.23145
-0.44678
-0.3418
-0.19531
-0.29395
-0.62744
-0.8916
-0.79297
-0.35205
0.10254
0.24121
0.041992
-0.20361
-0.19531
0.072266
0.30908
0.23145
-0.13818
-0.4751
-0.45947
-0.085938
0.33594
0.48682
0.34521
0.18994
0.30176
0.65967
0.94727
0.8584
0.40234
-0.09668
-0.30908
-0.20703
-0.068848
-0.17969
-0.53027
-0.81494
-0.74072
-0.3252
0.10254
0.21436
-0.010254
-0.27979
-0.29248
-0.041992
0.18262
0.09668
-0.27539
-0.60986
-0.58594
-0.2002
0.23877
0.41064
0.29248
0.16357
0.30176
0.68652
0.99951
0.93457
0.49951
0.01709
-0.18262
-0.072266
0.068848
-0.04541
-0.40332
-0.70117
-0.64355
-0.24902
0.15527
0.24121
-0.010254
-0.30664
-0.34521
-0.11816
0.085449
-0.01709
-0.40234
-0.74414
-0.72363
-0.33447
0.11182
0.29639
0.19531
0.086914
0.24951
0.65967
0.99951
0.96143
0.55225
0.093262
-0.085449
0.041992
0.19531
0.089355
-0.26611
-0.56641
-0.5166
-0.13477
0.25244
0.31738
0.041992
-0.27979
-0.34521
-0.14502
0.032715
-0.093262
-0.49951
-0.8584
-0.85059
-0.46924
-0.025391
0.16162
0.068848
-0.026855
0.15234
0.5835
0.94727
0.93457
0.55225
0.12012
-0.032715
0.11816
0.29248
0.20361
-0.13916
-0.43164
-0.37939
0
0.37939
0.43164
0.13916
-0.20361
-0.29248
-0.11816
0.032715
-0.12012
-0.55225
-0.93457
-0.94727
-0.5835
-0.15234
0.026855
-0.068848
-0.16162
0.025391
0.46924
0.85059
0.8584
0.49951
0.093262
-0.032715
0.14502
0.34521
0.27979
-0.041992
-0.31738
-0.25244
0.13477
0.5166
0.56641
0.26611
-0.089355
-0.19531
-0.041992
0.085449
-0.093262
-0.55225
-0.96143
-1
-0.65967
-0.24951
-0.086914
-0.19531
-0.29639
-0.11182
0.33447
0.72363
0.74414
0.40234
0.01709
-0.085449
0.11816
0.34521
0.30664
0.010254
-0.24121
-0.15527
0.24902
0.64355
0.70117
0.40332
0.04541
-0.068848
0.072266
0.18262
-0.01709
-0.49951
-0.93457
-1
-0.68652
-0.30176
-0.16357
-0.29248
-0.41064
-0.23877
0.2002
0.58594
0.60986
0.27539
-0.09668
-0.18262
0.041992
0.29248
0.27979
0.010254
-0.21484
-0.10254
0.3252
0.74072
0.81494
0.53027
0.17969
0.068848
0.20703
0.30908
0.09668
-0.40234
-0.8584
-0.94727
-0.65967
-0.30176
-0.19043
-0.34521
-0.48682
-0.33594
0.085938
0.45947
0.4751
0.13818
-0.23145
-0.30908
-0.072266
0.19531
0.20361
-0.041992
-0.24121
-0.10254
0.35156
0.79297
0.8916
0.62744
0.29395
0.19531
0.3418
0.44678
0.23145
-0.27539
-0.74414
-0.85059
-0.5835
-0.24951
-0.16357
-0.34521
-0.51367
-0.38867
0.0097656
0.3623
0.36084
0.01123
-0.36621
-0.44678
-0.20703
0.068848
0.089355
-0.13916
-0.31738
-0.15527
0.3252
0.79297
0.91797
0.67969
0.37012
0.29248
0.45557
0.57373
0.36621
-0.13818
-0.60986
-0.72363
-0.46924
-0.15234
-0.086914
-0.29248
-0.48682
-0.38867
-0.01709
0.30957
0.28467
-0.085938
-0.48047
-0.57373
-0.3418
-0.068848
-0.04541
-0.26611
-0.43164
-0.25244
0.24902
0.74072
0.8916
0.67969
0.39697
0.34521
0.53174
0.67041
0.48047
-0.01123
-0.4751
-0.58594
-0.33447
-0.025391
0.026855
-0.19531
-0.41064
-0.33594
0.0097656
0.30957
0.25781
-0.13818
-0.55664
-0.67041
-0.45557
-0.19531
-0.17969
-0.40332
-0.56641
-0.37939
0.13477
0.64355
0.81494
0.62744
0.37012
0.34521
0.55859
0.72314
0.55664
0.085938
-0.36084
-0.45947
-0.2002
0.11182
0.16162
-0.068848
-0.29639
-0.23877
0.085938
0.3623
0.28467
-0.13818
-0.5835
-0.72314
-0.53174
-0.29248
-0.29395
-0.53027
-0.70117
-0.5166
0
0.5166
0.70117
0.53027
0.29395
0.29248
0.53174
0.72314
0.5835
0.13818
-0.28467
-0.3623
-0.085938
0.23877
0.29639
0.068848
-0.16162
-0.11182
0.2002
0.45947
0.36084
-0.085938
-0.55664
-0.72314
-0.55859
-0.34521
-0.37012
-0.62744
-0.81494
-0.64355
-0.13477
0.37939
0.56641
0.40332
0.17969
0.19531
0.45557
0.67041
0.55664
0.13818
-0.25781
-0.30957
-0.0097656
0.33594
0.41064
0.19531
-0.026855
0.025391
0.33447
0.58594
0.4751
0.01123
-0.48047
-0.67041
-0.53174
-0.34521
-0.39697
-0.67969
-0.8916
-0.74072
-0.24902
0.25244
0.43164
0.26611
0.04541
0.068848
0.3418
0.57373
0.48047
0.085938
-0.28467
-0.30957
0.01709
0.38867
0.48682
0.29248
0.086914
0.15234
0.46924
0.72363
0.60986
0.13818
-0.36621
-0.57373
-0.45557
-0.29248
-0.37012
-0.67969
-0.91846
-0.79297
-0.3252
0.15527
0.31738
0.13916
-0.089355
-0.068848
0.20703
0.44678
0.36621
-0.01123
-0.36084
-0.3623
-0.0097656
0.38867
0.51318
0.34521
0.16357
0.24951
0.5835
0.85059
0.74414
0.27539
-0.23145
-0.44678
-0.3418
-0.19531
-0.29395
-0.62744
-0.8916
-0.79297
-0.35205
0.10254
0.24121
0.041992
-0.20361
-0.19531
0.072266
0.30908
0.23145
-0.13818
-0.4751
-0.45947
-0.085938
0.33594
0.48682
0.34521
0.18994
0.30176
0.65967
0.94727
0.8584
0.40234
-0.09668
-0.30908
-0.20703
-0.068848
-0.17969
-0.53027
-0.81494
-0.74072
-0.3252
0.10254
0.21436
-0.010254
-0.27979
-0.29248
-0.041992
0.18262
0.09668
-0.27539
-0.60986
-0.58594
-0.2002
0.23877
0.41064
0.29248
0.16357
0.30176
0.68652
0.99951
0.93457
0.49951
0.01709
-0.18262
-0.072266
0.068848
-0.04541
-0.40332
-0.70117
-0.64355
-0.24902
0.15527
0.24121
-0.010254
-0.30664
-0.34521
-0.11816
0.085449
-0.01709
-0.40234
-0.74414
-0.72363
-0.33447
0.11182
0.29639
0.19531
0.086914
0.24951
0.65967
0.99951
0.96143
0.55225
0.093262
-0.085449
0.041992
0.19531
0.089355
-0.26611
-0.56641
-0.5166
-0.13477
0.25244
0.31738
0.041992
-0.27979
-0.34521
-0.14502
0.032715
-0.093262
-0.49951
-0.8584
-0.85059
-0.46924
-0.025391
0.16162
0.068848
-0.026855
0.15234
0.5835
0.94727
0.93457
0.55225
0.12012
-0.032715
0.11816
0.29248
0.20361
-0.13916
-0.43164
-0.37939
0
0.37939
0.43164
0.13916
-0.20361
-0.29248
-0.11816
0.032715
-0.12012
-0.55225
-0.93457
-0.94727
-0.5835
-0.15234
0.026855
-0.068848
-0.16162
0.025391
0.46924
0.85059
0.8584
0.49951
0.093262
-0.032715
0.14502
0.34521
0.27979
-0.041992
-0.31738
-0.25244
0.13477
0.5166
0.56641
0.26611
-0.089355
-0.19531
-0.041992
0.085449
-0.093262
-0.55225
-0.96143
-1
-0.65967
-0.24951
-0.086914
-0.19531
-0.29639
-0.11182
0.33447
0.72363
0.74414
0.40234
0.01709
-0.085449
0.11816
0.34521
0.30664
0.010254
-0.24121
-0.15527
0.24902
0.64355
0.70117
0.40332
0.04541
-0.068848
0.072266
0.18262
-0.01709
-0.49951
-0.93457
-1
-0.68652
-0.30176
-0.16357
-0.29248
-0.41064
-0.23877
0.2002
0.58594
0.60986
0.27539
-0.09668
-0.18262
0.041992
0.29248
0.27979
0.010254
-0.21484
-0.10254
0.3252
0.74072
0.81494
0.53027
0.17969
0.068848
0.20703
0.30908
0.09668
-0.40234
-0.8584
-0.94727
-0.65967
-0.30176
-0.19043
-0.34521
-0.48682
-0.33594
0.085938
0.45947
0.4751
0.13818
-0.23145
-0.30908
-0.072266
0.19531
0.20361
-0.041992
-0.24121
-0.10254
0.35156
0.79297
0.8916
0.62744
0.29395
0.19531
0.3418
0.44678
0.23145
-0.27539
-0.74414
-0.85059
-0.5835
-0.24951
-0.16357
-0.34521
-0.51367
-0.38867
0.0097656
0.3623
0.36084
0.01123
-0.36621
-0.44678
-0.20703
0.068848
0.089355
-0.13916
-0.31738
-0.15527
0.3252
0.79297
0.91797
0.67969
0.37012
0.29248
0.45557
0.57373
0.36621
-0.13818
-0.60986
-0.72363
-0.46924
-0.15234
-0.086914
-0.29248
-0.48682
-0.38867
-0.01709
0.30957
0.28467
-0.085938
-0.48047
-0.57373
-0.3418
-0.068848
-0.04541
-0.26611
-0.43164
-0.25244
0.24902
0.74072
0.8916
0.67969
0.39697
0.34521
0.53174
0.67041
0.48047
-0.01123
-0.4751
-0.58594
-0.33447
-0.025391
0.026855
-0.19531
-0.41064
-0.33594
0.0097656
0.30957
0.25781
-0.13818
-0.55664
-0.67041
-0.45557
-0.19531
-0.17969
-0.40332
-0.56641
-0.37939
0.13477
0.64355
0.81494
0.62744
0.37012
0.34521
0.55859
0.72314
0.55664
0.085938
-0.36084
-0.45947
-0.2002
0.11182
0.16162
-0.068848
-0.29639
-0.23877
0.085938
0.3623
0.28467
-0.13818
-0.5835
-0.72314
-0.53174
-0.29248
-0.29395
-0.53027
-0.70117
-0.5166
0
0.5166
0.70117
0.53027
0.29395
0.29248
0.53174
0.72314
0.5835
0.13818
-0.28467
-0.3623
-0.085938
0.23877
0.29639
0.068848
-0.16162
-0.11182
0.2002
0.45947
0.36084
-0.085938
-0.55664
-0.72314
-0.55859
-0.34521
-0.37012
-0.62744
-0.81494
-0.64355
-0.13477
0.37939
0.56641
0.40332
0.17969
0.19531
0.45557
0.67041
0.55664
0.13818
-0.25781
-0.30957
-0.0097656
0.33594
0.41064
0.19531
-0.026855
0.025391
0.33447
0.58594
0.4751
0.01123
-0.48047
-0.67041
-0.53174
-0.34521
-0.39697
-0.67969
-0.8916
-0.74072
-0.24902
0.25244
0.43164
0.26611
0.04541
0.068848
0.3418
0.57373
0.48047
0.085938
-0.28467
-0.30957
0.01709
0.38867
0.48682
0.29248
0.086914
0.15234
0.46924
0.72363
0.60986
0.13818
-0.36621
-0.57373
-0.45557
-0.29248
-0.37012
-0.67969
-0.91846
-0.79297
-0.3252
0.15527
0.31738
0.13916
-0.089355
-0.068848
0.20703
0.44678
0.36621
-0.01123
-0.36084
-0.3623
-0.0097656
0.38867
0.51318
0.34521
0.16357
0.24951
0.5835
0.85059
0.74414
0.27539
-0.23145
-0.44678
-0.3418
-0.19531
-0.29395
-0.62744
-0.8916
-0.79297
-0.35205
0.10254
0.24121
0.041992
-0.20361
-0.19531
0.072266
0.30908
0.23145
-0.13818
-0.4751
-0.45947
-0.085938
0.33594
0.48682
0.34521
0.18994
0.30176
0.65967
0.94727
0.8584
0.40234
-0.09668
-0.30908
-0.20703
-0.068848
-0.17969
-0.53027
-0.81494
-0.74072
-0.3252
0.10254
0.21436
-0.010254
-0.27979
-0.29248
-0.041992
0.18262
0.09668
-0.27539
-0.60986
-0.58594
-0.2002
0.23877
0.41064
0.29248
0.16357
0.30176
0.68652
0.99951
0.93457
0.49951
0.01709
-0.18262
-0.072266
0.068848
-0.04541
-0.40332
-0.70117
-0.64355
-0.24902
0.15527
0.24121
-0.010254
-0.30664
-0.34521
-0.11816
0.085449
-0.01709
-0.40234
-0.74414
-0.72363
-0.33447
0.11182
0.29639
0.19531
0.086914
0.24951
0.65967
0.99951
0.96143
0.55225
0.093262
-0.085449
0.041992
0.19531
0.089355
-0.26611
-0.56641
-0.5166
-0.13477
0.25244
0.31738
0.041992
-0.27979
-0.34521
-0.14502
0.032715
-0.093262
-0.49951
-0.8584
-0.85059
-0.46924
-0.025391
0.16162
0.068848
-0.026855
0.15234
0.5835
0.94727
0.93457
0.55225
0.12012
-0.032715
0.11816
0.29248
0.20361
-0.13916
-0.43164
-0.37939
0
0.37939
0.43164
0.13916
-0.20361
-0.29248
-0.11816
0.032715
-0.12012
-0.55225
-0.93457
-0.94727
-0.5835
-0.15234
0.026855
-0.068848
-0.16162
0.025391
0.46924
0.85059
0.8584
0.49951
0.093262
-0.032715
0.14502
0.34521
0.27979
-0.041992
-0.31738
-0.25244
0.13477
0.5166
0.56641
0.26611
-0.089355
-0.19531
-0.041992
0.085449
-0.093262
-0.55225
-0.96143
-1
-0.65967
-0.24951
-0.086914
-0.19531
-0.29639
-0.11182
0.33447
0.72363
0.74414
0.40234
0.01709
-0.085449
0.11816
0.34521
0.30664
0.010254
-0.24121
-0.15527
0.24902
0.64355
0.70117
0.40332
0.04541
-0.068848
0.072266
0.18262
-0.01709
-0.49951
-0.93457
-1
-0.68652
-0.30176
-0.16357
-0.29248
-0.41064
-0.23877
0.2002
0.58594
0.60986
0.27539
-0.09668
-0.18262
0.041992
0.29248
0.27979
0.010254
-0.21484
-0.10254
0.3252
0.74072
0.81494
0.53027
0.17969
0.068848
0.20703
0.30908
0.09668
-0.40234
-0.8584
-0.94727
-0.65967
-0.30176
-0.19043
-0.34521
-0.48682
-0.33594
0.085938
0.45947
0.4751
0.13818
-0.23145
-0.30908
-0.072266
0.19531
0.20361
-0.041992
-0.24121
-0.10254
0.35156
0.79297
0.8916
0.62744
0.29395
0.19531
0.3418
0.44678
0.23145
-0.27539
-0.74414
-0.85059
-0.5835
-0.24951
-0.16357
-0.34521
-0.51367
-0.38867
0.0097656
0.3623
0.36084
0.01123
-0.36621
-0.44678
-0.20703
0.068848
0.089355
-0.13916
-0.31738
-0.15527
0.3252
0.79297
0.91797
0.67969
0.37012
0.29248
0.45557
0.57373
0.36621
-0.13818
-0.60986
-0.72363
-0.46924
-0.15234
-0.086914
-0.29248
-0.48682
-0.38867
-0.01709
0.30957
0.28467
-0.085938
-0.48047
-0.57373
-0.3418
-0.068848
-0.04541
-0.26611
-0.43164
-0.25244
0.24902
0.74072
0.8916
0.67969
0.39697
0.34521
0.53174
0.67041
0.48047
-0.01123
-0.4751
-0.58594
-0.33447
-0.025391
0.026855
-0.19531
-0.41064
-0.33594
0.0097656
0.30957
0.25781
-0.13818
-0.55664
-0.67041
-0.45557
-0.19531
-0.17969
-0.40332
-0.56641
-0.37939
0.13477
0.64355
0.81494
0.62744
0.37012
0.34521
0.55859
0.72314
0.55664
0.085938
-0.36084
-0.45947
-0.2002
0.11182
0.16162
-0.068848
-0.29639
-0.23877
0.085938
0.3623
0.28467
-0.13818
-0.5835
-0.72314
-0.53174
-0.29248
-0.29395
-0.53027
-0.70117
-0.5166
0
0.5166
0.70117
0.53027
0.29395
0.29248
0.53174
0.72314
0.5835
0.13818
-0.28467
-0.3623
-0.085938
0.23877
0.29639
0.068848
-0.16162
-0.11182
0.2002
0.45947
0.36084
-0.085938
-0.55664
-0.72314
-0.55859
-0.34521
-0.37012
-0.62744
-0.81494
-0.64355
-0.13477
0.37939
0.56641
0.40332
0.17969
0.19531
0.45557
0.67041
0.55664
0.13818
-0.25781
-0.30957
-0.0097656
0.33594
0.41064
0.19531
-0.026855
0.025391
0.33447
0.58594
0.4751
0.01123
-0.48047
-0.67041
-0.53174
-0.34521
-0.39697
-0.67969
-0.8916
-0.74072
-0.24902
0.25244
0.43164
0.26611
0.04541
0.068848
0.3418
0.57373
0.48047
0.085938
-0.28467
-0.30957
0.01709
0.38867
0.48682
0.29248
0.086914
0.15234
0.46924
0.72363
0.60986
0.13818
-0.36621
-0.57373
-0.45557
-0.29248
-0.37012
-0.67969
-0.91846
-0.79297
-0.3252
0.15527
0.31738
0.13916
-0.089355
-0.068848
0.20703
0.44678
0.36621
-0.01123
-0.36084
-0.3623
-0.0097656
0.38867
0.51318
0.34521
0.16357
0.24951
0.5835
0.85059
0.74414
0.27539
-0.23145
-0.44678
-0.3418
-0.19531
-0.29395
-0.62744
-0.8916
-0.79297
-0.35205
0.10254
0.24121
0.041992
-0.20361
-0.19531
0.072266
0.30908
0.23145
-0.13818
-0.4751
-0.45947
-0.085938
0.33594
0.48682
0.34521
0.18994
0.30176
0.65967
0.94727
0.8584
0.40234
-0.09668
-0.30908
-0.20703
-0.068848
-0.17969
-0.53027
-0.81494
-0.74072
-0.3252
0.10254
0.21436
-0.010254
-0.27979
-0.29248
-0.041992
0.18262
0.09668
-0.27539
-0.60986
-0.58594
-0.2002
0.23877
0.41064
0.29248
0.16357
0.30176
0.68652
0.99951
0.93457
0.49951
0.01709
-0.18262
-0.072266
0.068848
-0.04541
-0.40332
-0.70117
-0.64355
-0.24902
0.15527
0.24121
-0.010254
-0.30664
-0.34521
-0.11816
0.085449
-0.01709
-0.40234
-0.74414
-0.72363
-0.33447
0.11182
0.29639
0.19531
0.086914
0.24951
0.65967
0.99951
0.96143
0.55225
0.093262
-0.085449
0.041992
0.19531
0.089355
-0.26611
-0.56641
-0.5166
-0.13477
0.25244
0.31738
0.041992
-0.27979
-0.34521
-0.14502
0.032715
-0.093262
-0.49951
-0.8584
-0.85059
-0.46924
-0.025391
0.16162
0.068848
-0.026855
0.15234
0.5835
0.94727
0.93457
0.55225
0.12012
-0.032715
0.11816
0.29248
0.20361
-0.13916
-0.43164
-0.37939
0
0.37939
0.43164
0.13916
-0.20361
-0.29248
-0.11816
0.032715
-0.12012
-0.55225
-0.93457
-0.94727
-0.5835
-0.15234
0.026855
-0.068848
-0.16162
0.025391
0.46924
0.85059
0.8584
0.49951
0.093262
-0.032715
0.14502
0.34521
0.27979
-0.041992
-0.31738
-0.25244
0.13477
0.5166
0.56641
0.26611
-0.089355
-0.19531
-0.041992
0.085449
-0.093262
-0.55225
-0.96143
-1
-0.65967
-0.24951
-0.086914
-0.19531
-0.29639
-0.11182
0.33447
0.72363
0.74414
0.40234
0.01709
-0.085449
0.11816
0.34521
0.30664
0.010254
-0.24121
-0.15527
0.24902
0.64355
0.70117
0.40332
0.04541
-0.068848
0.072266
0.18262
-0.01709
-0.49951
-0.93457
-1
-0.68652
-0.30176
-0.16357
-0.29248
-0.41064
-0.23877
0.2002
0.58594
0.60986
0.27539
-0.09668
-0.18262
0.041992
0.29248
0.27979
0.010254
-0.21484
-0.10254
0.3252
0.74072
0.81494
0.53027
0.17969
0.068848
0.20703
0.30908
0.09668
-0.40234
-0.8584
-0.94727
-0.65967
-0.30176
-0.19043
-0.34521
-0.48682
-0.33594
0.085938
0.45947
0.4751
0.13818
-0.23145
-0.30908
-0.072266
0.19531
0.20361
-0.041992
-0.24121
-0.10254
0.35156
0.79297
0.8916
0.62744
0.29395
0.19531
0.3418
0.44678
0.23145
-0.27539
-0.74414
-0.85059
-0.5835
-0.24951
-0.16357
-0.34521
-0.51367
-0.38867
0.0097656
0.3623
0.36084
0.01123
-0.36621
-0.44678
-0.20703
0.068848
0.089355
-0.13916
-0.31738
-0.15527
0.3252
0.79297
0.91797
0.67969
0.37012
0.29248
0.45557
0.57373
0.36621
-0.13818
-0.60986
-0.72363
-0.46924
-0.15234
-0.086914
-0.29248
-0.48682
-0.38867
-0.01709
0.30957
0.28467
-0.085938
-0.48047
-0.57373
-0.3418
-0.068848
-0.04541
-0.26611
-0.43164
-0.25244
0.24902
0.74072
0.8916
0.67969
0.39697
0.34521
0.53174
0.67041
0.48047
-0.01123
-0.4751
-0.58594
-0.33447
-0.025391
0.026855
-0.19531
-0.41064
-0.33594
0.0097656
0.30957
0.25781
-0.13818
-0.55664
-0.67041
-0.45557
-0.19531
-0.17969
-0.40332
-0.56641
-0.37939
0.13477
0.64355
0.81494
0.62744
0.37012
0.34521
0.55859
0.72314
0.55664
0.085938
-0.36084
-0.45947
-0.2002
0.11182
0.16162
-0.068848
-0.29639
-0.23877
0.085938
0.3623
0.28467
-0.13818
-0.5835
-0.72314
-0.53174
-0.29248
-0.29395
-0.53027
-0.70117
-0.5166
0
0.5166
0.70117
0.53027
0.29395
0.29248
0.53174
0.72314
0.5835
0.13818
-0.28467
-0.3623
-0.085938
0.23877
0.29639
0.068848
-0.16162
-0.11182
0.2002
0.45947
0.36084
-0.085938
-0.55664
-0.72314
-0.55859
-0.34521
-0.37012
-0.62744
-0.81494
-0.64355
-0.13477
0.37939
0.56641
0.40332
0.17969
0.19531
0.45557
0.67041
0.55664
0.13818
-0.25781
-0.30957
-0.0097656
0.33594
0.41064
0.19531
-0.026855
0.025391
0.33447
0.58594
0.4751
0.01123
-0.48047
-0.67041
-0.53174
-0.34521
-0.39697
-0.67969
-0.8916
-0.74072
-0.24902
0.25244
0.43164
0.26611
0.04541
0.068848
0.3418
0.57373
0.48047
0.085938
-0.28467
-0.30957
0.01709
0.38867
0.48682
0.29248
0.086914
0.15234
0.46924
0.72363
0.60986
0.13818
-0.36621
-0.57373
-0.45557
-0.29248
-0.37012
-0.67969
-0.91846
-0.79297
-0.3252
0.15527
0.31738
0.13916
-0.089355
-0.068848
0.20703
0.44678
0.36621
-0.01123
-0.36084
-0.3623
-0.0097656
0.38867
0.51318
0.34521
0.16357
0.24951
0.5835
0.85059
0.74414
0.27539
-0.23145
-0.44678
-0.3418
-0.19531
-0.29395
-0.62744
-0.8916
-0.79297
-0.35205
0.10254
0.24121
0.041992
-0.20361
-0.19531
0.072266
0.30908
0.23145
-0.13818
-0.4751
-0.45947
-0.085938
0.33594
0.48682
0.34521
0.18994
0.30176
0.65967
0.94727
0.8584
0.40234
-0.09668
-0.30908
-0.20703
-0.068848
-0.17969
-0.53027
-0.81494
-0.74072
-0.3252
0.10254
0.21436
-0.010254
-0.27979
-0.29248
-0.041992
0.18262
0.09668
-0.27539
-0.60986
-0.58594
-0.2002
0.23877
0.41064
0.29248
0.16357
0.30176
0.68652
0.99951
0.93457
0.49951
0.01709
-0.18262
-0.072266
0.068848
-0.04541
-0.40332
-0.70117
-0.64355
-0.24902
0.15527
0.24121
-0.010254
-0.30664
-0.34521
-0.11816
0.085449
-0.01709
-0.40234
-0.74414
-0.72363
-0.33447
0.11182
0.29639
0.19531
0.086914
0.24951
0.65967
0.99951
0.96143
0.55225
0.093262
-0.085449
0.041992
0.19531
0.089355
-0.26611
-0.56641
-0.5166
-0.13477
0.25244
0.31738
0.041992
-0.27979
-0.34521
-0.14502
0.032715
-0.093262
-0.49951
-0.8584
-0.85059
-0.46924
-0.025391
0.16162
0.068848
-0.026855
0.15234
0.5835
0.94727
0.93457
0.55225
0.12012
-0.032715
0.11816
0.29248
0.20361
-0.13916
-0.43164
-0.37939
0
0.37939
0.43164
0.13916
-0.20361
-0.29248
-0.11816
0.032715
-0.12012
-0.55225
-0.93457
-0.94727
-0.5835
-0.15234
0.026855
-0.068848
-0.16162
0.025391
0.46924
0.85059
0.8584
0.49951
0.093262
-0.032715
0.14502
0.34521
0.27979
-0.041992
-0.31738
-0.25244
0.13477
0.5166
0.56641
0.26611
-0.089355
-0.19531
-0.041992
0.085449
-0.093262
-0.55225
-0.96143
-1
-0.65967
-0.24951
-0.086914
-0.19531
-0.29639
-0.11182
0.33447
0.72363
0.74414
0.40234
0.01709
-0.085449
0.11816
0.34521
0.30664
0.010254
-0.24121
-0.15527
0.24902
0.64355
0.70117
0.40332
0.04541
-0.068848
0.072266
0.18262
-0.01709
-0.49951
-0.93457
-1
-0.68652
-0.30176
-0.16357
-0.29248
-0.41064
-0.23877
0.2002
0.58594
0.60986
0.27539
-0.09668
-0.18262
0.041992
0.29248
0.27979
0.010254
-0.21484
-0.10254
0.3252
0.74072
0.81494
0.53027
0.17969
0.068848
0.20703
0.30908
0.09668
-0.40234
-0.8584
-0.94727
-0.65967
-0.30176
-0.19043
-0.34521
-0.48682
-0.33594
0.085938
0.45947
0.4751
0.13818
-0.23145
-0.30908
-0.072266
0.19531
0.20361
-0.041992
-0.24121
-0.10254
0.35156
0.79297
0.8916
0.62744
0.29395
0.19531
0.3418
0.44678
0.23145
-0.27539
-0.74414
-0.85059
-0.5835
-0.24951
-0.16357
-0.34521
-0.51367
-0.38867
0.0097656
0.3623
0.36084
0.01123
-0.36621
-0.44678
-0.20703
0.068848
0.089355
-0.13916
-0.31738
-0.15527
0.3252
0.79297
0.91797
0.67969
0.37012
0.29248
0.45557
0.57373
0.36621
-0.13818
-0.60986
-0.72363
-0.46924
-0.15234
-0.086914
-0.29248
-0.48682
-0.38867
-0.01709
0.30957
0.28467
-0.085938
-0.48047
-0.57373
-0.3418
-0.068848
-0.04541
-0.26611
-0.43164
-0.25244
0.24902
0.74072
0.8916
0.67969
0.39697
0.34521
0.53174
0.67041
0.48047
-0.01123
-0.4751
-0.58594
-0.33447
-0.025391
0.026855
-0.19531
-0.41064
-0.33594
0.0097656
0.30957
0.25781
-0.13818
-0.55664
-0.67041
-0.45557
-0.19531
-0.17969
-0.40332
-0.56641
-0.37939
0.13477
0.64355
0.81494
0.62744
0.37012
0.34521
0.55859
0.72314
0.55664
0.085938
-0.36084
-0.45947
-0.2002
0.11182
0.16162
-0.068848
-0.29639
-0.23877
0.085938
0.3623
0.28467
-0.13818
-0.5835
-0.72314
-0.53174
-0.29248
-0.29395
-0.53027
-0.70117
-0.5166
0
0.5166
0.70117
0.53027
0.29395
0.29248
0.53174
0.72314
0.5835
0.13818
-0.28467
-0.3623
-0.085938
0.23877
0.29639
0.068848
-0.16162
-0.11182
0.2002
0.45947
0.36084
-0.085938
-0.55664
-0.72314
-0.55859
-0.34521
-0.37012
-0.62744
-0.81494
-0.64355
-0.13477
0.37939
0.56641
0.40332
0.17969
0.19531
0.45557
0.67041
0.55664
0.13818
-0.25781
-0.30957
-0.0097656
0.33594
0.41064
0.19531
-0.026855
0.025391
0.33447
0.58594
0.4751
0.01123
-0.48047
-0.67041
-0.53174
-0.34521
-0.39697
-0.67969
-0.8916
-0.74072
-0.24902
0.25244
0.43164
0.26611
0.04541
0.068848
0.3418
0.57373
0.48047
0.085938
-0.28467
-0.30957
0.01709
0.38867
0.48682
0.29248
0.086914
0.15234
0.46924
0.72363
0.60986
0.13818
-0.36621
-0.57373
-0.45557
-0.29248
-0.37012
-0.67969
-0.91846
-0.79297
-0.3252
0.15527
0.31738
0.13916
-0.089355
-0.068848
0.20703
0.44678
0.36621
-0.01123
-0.36084
-0.3623
-0.0097656
0.38867
0.51318
0.34521
0.16357
0.24951
0.5835
0.85059
0.74414
0.27539
-0.23145
-0.44678
-0.3418
-0.19531
-0.29395
-0.62744
-0.8916
-0.79297
-0.35205
0.10254
0.24121
0.041992
-0.20361
-0.19531
0.072266
0.30908
0.23145
-0.13818
-0.4751
-0.45947
-0.085938
0.33594
0.48682
0.34521
0.18994
0.30176
0.65967
0.94727
0.8584
0.40234
-0.09668
-0.30908
-0.20703
-0.068848
-0.17969
-0.53027
-0.81494
-0.74072
-0.3252
0.10254
0.21436
-0.010254
-0.27979
-0.29248
-0.041992
0.18262
0.09668
-0.27539
-0.60986
-0.58594
-0.2002
0.23877
0.41064
0.29248
0.16357
0.30176
0.68652
0.99951
0.93457
0.49951
0.01709
-0.18262
-0.072266
0.068848
-0.04541
-0.40332
-0.70117
-0.64355
-0.24902
0.15527
0.24121
-0.010254
-0.30664
-0.34521
-0.11816
0.085449
-0.01709
-0.40234
-0.74414
-0.72363
-0.33447
0.11182
0.29639
0.19531
0.086914
0.24951
0.65967
0.99951
0.96143
0.55225
0.093262
-0.085449
0.041992
0.19531
0.089355
-0.26611
-0.56641
-0.5166
-0.13477
0.25244
0.31738
0.041992
-0.27979
-0.34521
-0.14502
0.032715
-0.093262
-0.49951
-0.8584
-0.85059
-0.46924
-0.025391
0.16162
0.068848
-0.026855
0.15234
0.5835
0.94727
0.93457
0.55225
0.12012
-0.032715
0.11816
0.29248
0.20361
-0.13916
-0.43164
-0.37939
0
0.37939
0.43164
0.13916
-0.20361
-0.29248
-0.11816
0.032715
-0.12012
-0.55225
-0.93457
-0.94727
-0.5835
-0.15234
0.026855
-0.068848
-0.16162
0.025391
0.46924
0.85059
0.8584
0.49951
0.093262
-0.032715
0.14502
0.34521
0.27979
-0.041992
-0.31738
-0.25244
0.13477
0.5166
0.56641
0.26611
-0.089355
-0.19531
-0.041992
0.085449
-0.093262
-0.55225
-0.96143
-1
-0.65967
-0.24951
-0.086914
-0.19531
-0.29639
-0.11182
0.33447
0.72363
0.74414
0.40234
0.01709
-0.085449
0.11816
0.34521
0.30664
0.010254
-0.24121
-0.15527
0.24902
0.64355
0.70117
0.40332
0.04541
-0.068848
0.072266
0.18262
-0.01709
-0.49951
-0.93457
-1
-0.68652
-0.30176
-0.16357
-0.29248
-0.41064
-0.23877
0.2002
0.58594
0.60986
0.27539
-0.09668
-0.18262
0.041992
0.29248
0.27979
0.010254
-0.21484
-0.10254
0.3252
0.74072
0.81494
0.53027
0.17969
0.068848
0.20703
0.30908
0.09668
-0.40234
-0.8584
-0.94727
-0.65967
-0.30176
-0.19043
-0.34521
-0.48682
-0.33594
0.085938
0.45947
0.4751
0.13818
-0.23145
-0.30908
-0.072266
0.19531
0.20361
-0.041992
-0.24121
-0.10254
0.35156
0.79297
0.8916
0.62744
0.29395
0.19531
0.3418
0.44678
0.23145
-0.27539
-0.74414
-0.85059
-0.5835
-0.24951
-0.16357
-0.34521
-0.51367
-0.38867
0.0097656
0.3623
0.36084
0.01123
-0.36621
-0.44678
-0.20703
0.068848
0.089355
-0.13916
-0.31738
-0.15527
0.3252
0.79297
0.91797
0.67969
0.37012
0.29248
0.45557
0.57373
0.36621
-0.13818
-0.60986
-0.72363
-0.46924
-0.15234
-0.086914
-0.29248
-0.48682
-0.38867
-0.01709
0.30957
0.28467
-0.085938
-0.48047
-0.57373
-0.3418
-0.068848
-0.04541
-0.26611
-0.43164
-0.25244
0.24902
0.74072
0.8916
0.67969
0.39697
0.34521
0.53174
0.67041
0.48047
-0.01123
-0.4751
-0.58594
-0.33447
-0.025391
0.026855
-0.19531
-0.41064
-0.33594
0.0097656
0.30957
0.25781
-0.13818
-0.55664
-0.67041
-0.45557
-0.19531
-0.17969
-0.40332
-0.56641
-0.37939
0.13477
0.64355
0.81494
0.62744
0.37012
0.34521
0.55859
0.72314
0.55664
0.085938
-0.36084
-0.45947
-0.2002
0.11182
0.16162
-0.068848
-0.29639
-0.23877
0.085938
0.3623
0.28467
-0.13818
-0.5835
-0.72314
-0.53174
-0.29248
-0.29395
-0.53027
-0.70117
-0.5166
0
0.5166
0.70117
0.53027
0.29395
0.29248
0.53174
0.72314
0.5835
0.13818
-0.28467
-0.3623
-0.085938
0.23877
0.29639
0.068848
-0.16162
-0.11182
0.2002
0.45947
0.36084
-0.085938
-0.55664
-0.72314
-0.55859
-0.34521
-0.37012
-0.62744
-0.81494
-0.64355
-0.13477
0.37939
0.56641
0.40332
0.17969
0.19531
0.45557
0.67041
0.55664
0.13818
-0.25781
-0.30957
-0.0097656
0.33594
0.41064
0.19531
-0.026855
0.025391
0.33447
0.58594
0.4751
0.01123
-0.48047
-0.67041
-0.53174
-0.34521
-0.39697
-0.67969
-0.8916
-0.74072
-0.24902
0.25244
0.43164
0.26611
0.04541
0.068848
0.3418
0.57373
0.48047
0.085938
-0.28467
-0.30957
0.01709
0.38867
0.48682
0.29248
0.086914
0.15234
0.46924
0.72363
0.60986
0.13818
-0.36621
-0.57373
-0.45557
-0.29248
-0.37012
-0.67969
-0.91846
-0.79297
-0.3252
0.15527
0.31738
0.13916
-0.089355
-0.068848
0.20703
0.44678
0.36621
-0.01123
-0.36084
-0.3623
-0.0097656
0.38867
0.51318
0.34521
0.16357
0.24951
0.5835
0.85059
0.74414
0.27539
-0.23145
-0.44678
-0.3418
-0.19531
-0.29395
-0.62744
-0.8916
-0.79297
-0.35205
0.10254
0.24121
0.041992
-0.20361
-0.19531
0.072266
0.30908
0.23145
-0.13818
-0.4751
-0.45947
-0.085938
0.33594
0.48682
0.34521
0.18994
0.30176
0.65967
0.94727
0.8584
0.40234
-0.09668
-0.30908
-0.20703
-0.068848
-0.17969
-0.53027
-0.81494
-0.74072
-0.3252
0.10254
0.21436
-0.010254
-0.27979
-0.29248
-0.041992
0.18262
0.09668
-0.27539
-0.60986
-0.58594
-0.2002
0.23877
0.41064
0.29248
0.16357
0.30176
0.68652
0.99951
0.93457
0.49951
0.01709
-0.18262
-0.072266
0.068848
-0.04541
-0.40332
-0.70117
-0.64355
-0.24902
0.15527
0.24121
-0.010254
-0.30664
-0.34521
-0.11816
0.085449
-0.01709
-0.40234
-0.74414
-0.72363
-0.33447
0.11182
0.29639
0.19531
0.086914
0.24951
0.65967
0.99951
0.96143
0.55225
0.093262
-0.085449
0.041992
0.19531
0.089355
-0.26611
-0.56641
-0.5166
-0.13477
0.25244
0.31738
0.041992
-0.27979
-0.34521
-0.14502
0.032715
-0.093262
-0.49951
-0.8584
-0.85059
-0.46924
-0.025391
0.16162
0.068848
-0.026855
0.15234
0.5835
0.94727
0.93457
0.55225
0.12012
-0.032715
0.11816
0.29248
0.20361
-0.13916
-0.43164
-0.37939
0
0.37939
0.43164
0.13916
-0.20361
-0.29248
-0.11816
0.032715
-0.12012
-0.55225
-0.93457
-0.94727
-0.5835
-0.15234
0.026855
-0.068848
-0.16162
0.025391
0.46924
0.85059
0.8584
0.49951
0.093262
-0.032715
0.14502
0.34521
0.27979
-0.041992
-0.31738
-0.25244
0.13477
0.5166
0.56641
0.26611
-0.089355
-0.19531
-0.041992
0.085449
-0.093262
-0.55225
-0.96143
-1
-0.65967
-0.24951
-0.086914
-0.19531
-0.29639
-0.11182
0.33447
0.72363
0.74414
0.40234
0.01709
-0.085449
0.11816
0.34521
0.30664
0.010254
-0.24121
-0.15527
0.24902
0.64355
0.70117
0.40332
0.04541
-0.068848
0.072266
0.18262
-0.01709
-0.49951
-0.93457
-1
-0.68652
-0.30176
-0.16357
-0.29248
-0.41064
-0.23877
0.2002
0.58594
0.60986
0.27539
-0.09668
-0.18262
0.041992
0.29248
0.27979
0.010254
-0.21484
-0.10254
0.3252
0.74072
0.81494
0.53027
0.17969
0.068848
0.20703
0.30908
0.09668
-0.40234
-0.8584
-0.94727
-0.65967
-0.30176
-0.19043
-0.34521
-0.48682
-0.33594
0.085938
0.45947
0.4751
0.13818
-0.23145
-0.30908
-0.072266
0.19531
0.20361
-0.041992
-0.24121
-0.10254
0.35156
0.79297
0.8916
0.62744
0.29395
0.19531
0.3418
0.44678
0.23145
-0.27539
-0.74414
-0.85059
-0.5835
-0.24951
-0.16357
-0.34521
-0.51367
-0.38867
0.0097656
0.3623
0.36084
0.01123
-0.36621
-0.44678
-0.20703
0.068848
0.089355
-0.13916
-0.31738
-0.15527
0.3252
0.79297
0.91797
0.67969
0.37012
0.29248
0.45557
0.57373
0.36621
-0.13818
-0.60986
-0.72363
-0.46924
-0.15234
-0.086914
-0.29248
-0.48682
-0.38867
-0.01709
0.30957
0.28467
-0.085938
-0.48047
-0.57373
-0.3418
-0.068848
-0.04541
-0.26611
-0.43164
-0.25244
0.24902
0.74072
0.8916
0.67969
0.39697
0.34521
0.53174
0.67041
0.48047
-0.01123
-0.4751
-0.58594
-0.33447
-0.025391
0.026855
-0.19531
-0.41064
-0.33594
0.0097656
0.30957
0.25781
-0.13818
-0.55664
-0.67041
-0.45557
-0.19531
-0.17969
-0.40332
-0.56641
-0.37939
0.13477
0.64355
0.81494
0.62744
0.37012
0.34521
0.55859
0.72314
0.55664
0.085938
-0.36084
-0.45947
-0.2002
0.11182
0.16162
-0.068848
-0.29639
-0.23877
0.085938
0.3623
0.28467
-0.13818
-0.5835
-0.72314
-0.53174
-0.29248
-0.29395
-0.53027
-0.70117
-0.5166
0
0.5166
0.70117
0.53027
0.29395
0.29248
0.53174
0.72314
0.5835
0.13818
-0.28467
-0.3623
-0.085938
0.23877
0.29639
0.068848
-0.16162
-0.11182
0.2002
0.45947
0.36084
-0.085938
-0.55664
-0.72314
-0.55859
-0.34521
-0.37012
-0.62744
-0.81494
-0.64355
-0.13477
0.37939
0.56641
0.40332
0.17969
0.19531
0.45557
0.67041
0.55664
0.13818
-0.25781
-0.30957
-0.0097656
0.33594
0.41064
0.19531
-0.026855
0.025391
0.33447
0.58594
0.4751
0.01123
-0.48047
-0.67041
-0.53174
-0.34521
-0.39697
-0.67969
-0.8916
-0.74072
-0.24902
0.25244
0.43164
0.26611
0.04541
0.068848
0.3418
0.57373
0.48047
0.085938
-0.28467
-0.30957
0.01709
0.38867
0.48682
0.29248
0.086914
0.15234
0.46924
0.72363
0.60986
0.13818
-0.36621
-0.57373
-0.45557
-0.29248
-0.37012
-0.67969
-0.91846
-0.79297
-0.3252
0.15527
0.31738
0.13916
-0.089355
-0.068848
0.20703
0.44678
0.36621
-0.01123
-0.36084
-0.3623
-0.0097656
0.38867
0.51318
0.34521
0.16357
0.24951
0.5835
0.85059
0.74414
0.27539
-0.23145
-0.44678
-0.3418
-0.19531
-0.29395
-0.62744
-0.8916
-0.79297
-0.35205
0.10254
0.24121
0.041992
-0.20361
-0.19531
0.072266
0.30908
0.23145
-0.13818
-0.4751
-0.45947
-0.085938
0.33594
0.48682
0.34521
0.18994
0.30176
0.65967
0.94727
0.8584
0.40234
-0.09668
-0.30908
-0.20703
-0.068848
-0.17969
-0.53027
-0.81494
-0.74072
-0.3252
0.10254
0.21436
-0.010254
-0.27979
-0.29248
-0.041992
0.18262
0.09668
-0.27539
-0.60986
-0.58594
-0.2002
0.23877
0.41064
0.29248
0.16357
0.30176
0.68652
0.99951
0.93457
0.49951
0.01709
-0.18262
-0.072266
0.068848
-0.04541
-0.40332
-0.70117
-0.64355
-0.24902
0.15527
0.24121
-0.010254
-0.30664
-0.34521
-0.11816
0.085449
-0.01709
-0.40234
-0.74414
-0.72363
-0.33447
0.11182
0.29639
0.19531
0.086914
0.24951
0.65967
0.99951
0.96143
0.55225
0.093262
-0.085449
0.041992
0.19531
0.089355
-0.26611
-0.56641
-0.5166
-0.13477
0.25244
0.31738
0.041992
-0.27979
-0.34521
-0.14502
0.032715
-0.093262
-0.49951
-0.8584
-0.85059
-0.46924
-0.025391
0.16162
0.068848
-0.026855
0.15234
0.5835
0.94727
0.93457
0.55225
0.12012
-0.032715
0.11816
0.29248
0.20361
-0.13916
-0.43164
-0.37939
0
0.37939
0.43164
0.13916
-0.20361
-0.29248
-0.11816
0.032715
-0.12012
-0.55225
-0.93457
-0.94727
-0.5835
-0.15234
0.026855
-0.068848
-0.16162
0.025391
0.46924
0.85059
0.8584
0.49951
0.093262
-0.032715
0.14502
0.34521
0.27979
-0.041992
-0.31738
-0.25244
0.13477
0.5166
0.56641
0.26611
-0.089355
-0.19531
-0.041992
0.085449
-0.093262
-0.55225
-0.96143
-1
-0.65967
-0.24951
-0.086914
-0.19531
-0.29639
-0.11182
0.33447
0.72363
0.74414
0.40234
0.01709
-0.085449
0.11816
0.34521
0.30664
0.010254
-0.24121
-0.15527
0.24902
0.64355
0.70117
0.40332
0.04541
-0.068848
0.072266
0.18262
-0.01709
-0.49951
-0.93457
-1
-0.68652
-0.30176
-0.16357
-0.29248
-0.41064
-0.23877
0.2002
0.58594
0.60986
0.27539
-0.09668
-0.18262
0.041992
0.29248
0.27979
0.010254
-0.21484
-0.10254
0.3252
0.74072
0.81494
0.53027
0.17969
0.068848
0.20703
0.30908
0.09668
-0.40234
-0.8584
-0.94727
-0.65967
-0.30176
-0.19043
-0.34521
-0.48682
-0.33594
0.085938
0.45947
0.4751
0.13818
-0.23145
-0.30908
-0.072266
0.19531
0.20361
-0.041992
-0.24121
-0.10254
0.35156
0.79297
0.8916
0.62744
0.29395
0.19531
0.3418
0.44678
0.23145
-0.27539
-0.74414
-0.85059
-0.5835
-0.24951
-0.16357
-0.34521
-0.51367
-0.38867
0.0097656
0.3623
0.36084
0.01123
-0.36621
-0.44678
-0.20703
0.068848
0.089355
-0.13916
-0.31738
-0.15527
0.3252
0.79297
0.91797
0.67969
0.37012
0.29248
0.45557
0.57373
0.36621
-0.13818
-0.60986
-0.72363
-0.46924
-0.15234
-0.086914
-0.29248
-0.48682
-0.38867
-0.01709
0.30957
0.28467
-0.085938
-0.48047
-0.57373
-0.3418
-0.068848
-0.04541
-0.26611
-0.43164
-0.25244
0.24902
0.74072
0.8916
0.67969
0.39697
0.34521
0.53174
0.67041
0.48047
-0.01123
-0.4751
-0.58594
-0.33447
-0.025391
0.026855
-0.19531
-0.41064
-0.33594
0.0097656
0.30957
0.25781
-0.13818
-0.55664
-0.67041
-0.45557
-0.19531
-0.17969
-0.40332
-0.56641
-0.37939
0.13477
0.64355
0.81494
0.62744
0.37012
0.34521
0.55859
0.72314
0.55664
0.085938
-0.36084
-0.45947
-0.2002
0.11182
0.16162
-0.068848
-0.29639
-0.23877
0.085938
0.3623
0.28467
-0.13818
-0.5835
-0.72314
-0.53174
-0.29248
-0.29395
-0.53027
-0.70117
-0.5166
0
0.5166
0.70117
0.53027
0.29395
0.29248
0.53174
0.72314
0.5835
0.13818
-0.28467
-0.3623
-0.085938
0.23877
0.29639
0.068848
-0.16162
-0.11182
0.2002
0.45947
0.36084
-0.085938
-0.55664
-0.72314
-0.55859
-0.34521
-0.37012
-0.62744
-0.81494
-0.64355
-0.13477
0.37939
0.56641
0.40332
0.17969
0.19531
0.45557
0.67041
0.55664
0.13818
-0.25781
-0.30957
-0.0097656
0.33594
0.41064
0.19531
-0.026855
0.025391
0.33447
0.58594
0.4751
0.01123
-0.48047
-0.67041
-0.53174
-0.34521
-0.39697
-0.67969
-0.8916
-0.74072
-0.24902
0.25244
0.43164
0.26611
0.04541
0.068848
0.3418
0.57373
0.48047
0.085938
-0.28467
-0.30957
0.01709
0.38867
0.48682
0.29248
0.086914
0.15234
0.46924
0.72363
0.60986
0.13818
-0.36621
-0.57373
-0.45557
-0.29248
-0.37012
-0.67969
-0.91846
-0.79297
-0.3252
0.15527
0.31738
0.13916
-0.089355
-0.068848
0.20703
0.44678
0.36621
-0.01123
-0.36084
-0.3623
-0.0097656
0.38867
0.51318
0.34521
0.16357
0.24951
0.5835
0.85059
0.74414
0.27539
-0.23145
-0.44678
-0.3418
-0.19531
-0.29395
-0.62744
-0.8916
-0.79297
-0.35205
0.10254
0.24121
0.041992
-0.20361
-0.19531
0.072266
0.30908
0.23145
-0.13818
-0.4751
-0.45947
-0.085938
0.33594
0.48682
0.34521
0.18994
0.30176
0.65967
0.94727
0.8584
0.40234
-0.09668
-0.30908
-0.20703
-0.068848
-0.17969
-0.53027
-0.81494
-0.74072
-0.3252
0.10254
0.21436
-0.010254
-0.27979
-0.29248
-0.041992
0.18262
0.09668
-0.27539
-0.60986
-0.58594
-0.2002
0.23877
0.41064
0.29248
0.16357
0.30176
0.68652
0.99951
0.93457
0.49951
0.01709
-0.18262
-0.072266
0.068848
-0.04541
-0.40332
-0.70117
-0.64355
-0.24902
0.15527
0.24121
-0.010254
-0.30664
-0.34521
-0.11816
0.085449
-0.01709
-0.40234
-0.74414
-0.72363
-0.33447
0.11182
0.29639
0.19531
0.086914
0.24951
0.65967
0.99951
0.96143
0.55225
0.093262
-0.085449
0.041992
0.19531
0.089355
-0.26611
-0.56641
-0.5166
-0.13477
0.25244
0.31738
0.041992
-0.27979
-0.34521
-0.14502
0.032715
-0.093262
-0.49951
-0.8584
-0.85059
-0.46924
-0.025391
0.16162
0.068848
-0.026855
0.15234
0.5835
0.94727
0.93457
0.55225
0.12012
-0.032715
0.11816
0.29248
0.20361
-0.13916
-0.43164
-0.37939
0
0.37939
0.43164
0.13916
-0.20361
-0.29248
-0.11816
0.032715
-0.12012
-0.55225
-0.93457
-0.94727
-0.5835
-0.15234
0.026855
-0.068848
-0.16162
0.025391
0.46924
0.85059
0.8584
0.49951
0.093262
-0.032715
0.14502
0.34521
0.27979
-0.041992
-0.31738
-0.25244
0.13477
0.5166
0.56641
0.26611
-0.089355
-0.19531
-0.041992
0.085449
-0.093262
-0.55225
-0.96143
-1
-0.65967
-0.24951
-0.086914
-0.19531
-0.29639
-0.11182
0.33447
0.72363
0.74414
0.40234
0.01709
-0.085449
0.11816
0.34521
0.30664
0.010254
-0.24121
-0.15527
0.24902
0.64355
0.70117
0.40332
0.04541
-0.068848
0.072266
0.18262
-0.01709
-0.49951
-0.93457
-1
-0.68652
-0.30176
-0.16357
-0.29248
-0.41064
-0.23877
0.2002
0.58594
0.60986
0.27539
-0.09668
-0.18262
0.041992
0.29248
0.27979
0.010254
-0.21484
-0.10254
0.3252
0.74072
0.81494
0.53027
0.17969
0.068848
0.20703
0.30908
0.09668
-0.40234
-0.8584
-0.94727
-0.65967
-0.30176
-0.19043
-0.34521
-0.48682
-0.33594
0.085938
0.45947
0.4751
0.13818
-0.23145
-0.30908
-0.072266
0.19531
0.20361
-0.041992
-0.24121
-0.10254
0.35156
0.79297
0.8916
0.62744
0.29395
0.19531
0.3418
0.44678
0.23145
-0.27539
-0.74414
-0.85059
-0.5835
-0.24951
-0.16357
-0.34521
-0.51367
-0.38867
0.0097656
0.3623
0.36084
0.01123
-0.36621
-0.44678
-0.20703
0.068848
0.089355
-0.13916
-0.31738
-0.15527
0.3252
0.79297
0.91797
0.67969
0.37012
0.29248
0.45557
0.57373
0.36621
-0.13818
-0.60986
-0.72363
-0.46924
-0.15234
-0.086914
-0.29248
-0.48682
-0.38867
-0.01709
0.30957
0.28467
-0.085938
-0.48047
-0.57373
-0.3418
-0.068848
-0.04541
-0.26611
-0.43164
-0.25244
0.24902
0.74072
0.8916
0.67969
0.39697
0.34521
0.53174
0.67041
0.48047
-0.01123
-0.4751
-0.58594
-0.33447
-0.025391
0.026855
-0.19531
-0.41064
-0.33594
0.0097656
0.30957
0.25781
-0.13818
-0.55664
-0.67041
-0.45557
-0.19531
-0.17969
-0.40332
-0.56641
-0.37939
0.13477
0.64355
0.81494
0.62744
0.37012
0.34521
0.55859
0.72314
0.55664
0.085938
-0.36084
-0.45947
-0.2002
0.11182
0.16162
-0.068848
-0.29639
-0.23877
0.085938
0.3623
0.28467
-0.13818
-0.5835
-0.72314
-0.53174
-0.29248
-0.29395
-0.53027
-0.70117
-0.5166
0
0.5166
0.70117
0.53027
0.29395
0.29248
0.53174
0.72314
0.5835
0.13818
-0.28467
-0.3623
-0.085938
0.23877
0.29639
0.068848
-0.16162
-0.11182
0.2002
0.45947
0.36084
-0.085938
-0.55664
-0.72314
-0.55859
-0.34521
-0.37012
-0.62744
-0.81494
-0.64355
-0.13477
0.37939
0.56641
0.40332
0.17969
0.19531
0.45557
0.67041
0.55664
0.13818
-0.25781
-0.30957
-0.0097656
0.33594
0.41064
0.19531
-0.026855
0.025391
0.33447
0.58594
0.4751
0.01123
-0.48047
-0.67041
-0.53174
-0.34521
-0.39697
-0.67969
-0.8916
-0.74072
-0.24902
0.25244
0.43164
0.26611
0.04541
0.068848
0.3418
0.57373
0.48047
0.085938
-0.28467
-0.30957
0.01709
0.38867
0.48682
0.29248
0.086914
0.15234
0.46924
0.72363
0.60986
0.13818
-0.36621
-0.57373
-0.45557
-0.29248
-0.37012
-0.67969
-0.91846
-0.79297
-0.3252
0.15527
0.31738
0.13916
-0.089355
-0.068848
0.20703
0.44678
0.36621
-0.01123
-0.36084
-0.3623
-0.0097656
0.38867
0.51318
0.34521
0.16357
0.24951
0.5835
0.85059
0.74414
0.27539
-0.23145
-0.44678
-0.3418
-0.19531
-0.29395
-0.62744
-0.8916
-0.79297
-0.35205
0.10254
0.24121
0.041992
-0.20361
-0.19531
0.072266
0.30908
0.23145
-0.13818
-0.4751
-0.45947
-0.085938
0.33594
0.48682
0.34521
0.18994
0.30176
0.65967
0.94727
0.8584
0.40234
-0.09668
-0.30908
-0.20703
-0.068848
-0.17969
-0.53027
-0.81494
-0.74072
-0.3252
0.10254
0.21436
-0.010254
-0.27979
-0.29248
-0.041992
0.18262
0.09668
-0.27539
-0.60986
-0.58594
-0.2002
0.23877
0.41064
0.29248
0.16357
0.30176
0.68652
0.99951
0.93457
0.49951
0.01709
-0.18262
-0.072266
0.068848
-0.04541
-0.40332
-0.70117
-0.64355
-0.24902
0.15527
0.24121
-0.010254
-0.30664
-0.34521
-0.11816
0.085449
-0.01709
-0.40234
-0.74414
-0.72363
-0.33447
0.11182
0.29639
0.19531
0.086914
0.24951
0.65967
0.99951
0.96143
0.55225
0.093262
-0.085449
0.041992
0.19531
0.089355
-0.26611
-0.56641
-0.5166
-0.13477
0.25244
0.31738
0.041992
-0.27979
-0.34521
-0.14502
0.032715
-0.093262
-0.49951
-0.8584
-0.85059
-0.46924
-0.025391
0.16162
0.068848
-0.026855
0.15234
0.5835
0.94727
0.93457
0.55225
0.12012
-0.032715
0.11816
0.29248
0.20361
-0.13916
-0.43164
-0.37939
0
0.37939
0.43164
0.13916
-0.20361
-0.29248
-0.11816
0.032715
-0.12012
-0.55225
-0.93457
-0.94727
-0.5835
-0.15234
0.026855
-0.068848
-0.16162
0.025391
0.46924
0.85059
0.8584
0.49951
0.093262
-0.032715
0.14502
0.34521
0.27979
-0.041992
-0.31738
-0.25244
0.13477
0.5166
0.56641
0.26611
-0.089355
-0.19531
-0.041992
0.085449
-0.093262
-0.55225
-0.96143
-1
-0.65967
-0.24951
-0.086914
-0.19531
-0.29639
-0.11182
0.33447
0.72363
0.74414
0.40234
0.01709
-0.085449
0.11816
0.34521
0.30664
0.010254
-0.24121
-0.15527
0.24902
0.64355
0.70117
0.40332
0.04541
-0.068848
0.072266
0.18262
-0.01709
-0.49951
-0.93457
-1
-0.68652
-0.30176
-0.16357
-0.29248
-0.41064
-0.23877
0.2002
0.58594
0.60986
0.27539
-0.09668
-0.18262
0.041992
0.29248
0.27979
0.010254
-0.21484
-0.10254
0.3252
0.74072
0.81494
0.53027
0.17969
0.068848
0.20703
0.30908
0.09668
-0.40234
-0.8584
-0.94727
-0.65967
-0.30176
-0.19043
-0.34521
-0.48682
-0.33594
0.085938
0.45947
0.4751
0.13818
-0.23145
-0.30908
-0.072266
0.19531
0.20361
-0.041992
-0.24121
-0.10254
0.35156
0.79297
0.8916
0.62744
0.29395
0.19531
0.3418
0.44678
0.23145
-0.27539
-0.74414
-0.85059
-0.5835
-0.24951
-0.16357
-0.34521
-0.51367
-0.38867
0.0097656
0.3623
0.36084
0.01123
-0.36621
-0.44678
-0.20703
0.068848
0.089355
-0.13916
-0.31738
-0.15527
0.3252
0.79297
0.91797
0.67969
0.37012
0.29248
0.45557
0.57373
0.36621
-0.13818
-0.60986
-0.72363
-0.46924
-0.15234
-0.086914
-0.29248
-0.48682
-0.38867
-0.01709
0.30957
0.28467
-0.085938
-0.48047
-0.57373
-0.3418
-0.068848
-0.04541
-0.26611
-0.43164
-0.25244
0.24902
0.74072
0.8916
0.67969
0.39697
0.34521
0.53174
0.67041
0.48047
-0.01123
-0.4751
-0.58594
-0.33447
-0.025391
0.026855
-0.19531
-0.41064
-0.33594
0.0097656
0.30957
0.25781
-0.13818
-0.55664
-0.67041
-0.45557
-0.19531
-0.17969
-0.40332
-0.56641
-0.37939
0.13477
0.64355
0.81494
0.62744
0.37012
0.34521
0.55859
0.72314
0.55664
0.085938
-0.36084
-0.45947
-0.2002
0.11182
0.16162
-0.068848
-0.29639
-0.23877
0.085938
0.3623
0.28467
-0.13818
-0.5835
-0.72314
-0.53174
-0.29248
-0.29395
-0.53027
-0.70117
-0.5166
0
0.5166
0.70117
0.53027
0.29395
0.29248
0.53174
0.72314
0.5835
0.13818
-0.28467
-0.3623
-0.085938
0.23877
0.29639
0.068848
-0.16162
-0.11182
0.2002
0.45947
0.36084
-0.085938
-0.55664
-0.72314
-0.55859
-0.34521
-0.37012
-0.62744
-0.81494
-0.64355
-0.13477
0.37939
0.56641
0.40332
0.17969
0.19531
0.45557
0.67041
0.55664
0.13818
-0.25781
-0.30957
-0.0097656
0.33594
0.41064
0.19531
-0.026855
0.025391
0.33447
0.58594
0.4751
0.01123
-0.48047
-0.67041
-0.53174
-0.34521
-0.39697
-0.67969
-0.8916
-0.74072
-0.24902
0.25244
0.43164
0.26611
0.04541
0.068848
0.3418
0.57373
0.48047
0.085938
-0.28467
-0.30957
0.01709
0.38867
0.48682
0.29248
0.086914
0.15234
0.46924
0.72363
0.60986
0.13818
-0.36621
-0.57373
-0.45557
-0.29248
-0.37012
-0.67969
-0.91846
-0.79297
-0.3252
0.15527
0.31738
0.13916
-0.089355
-0.068848
0.20703
0.44678
0.36621
-0.01123
-0.36084
-0.3623
-0.0097656
0.38867
0.51318
0.34521
0.16357
0.24951
0.5835
0.85059
0.74414
0.27539
-0.23145
-0.44678
-0.3418
-0.19531
-0.29395
-0.62744
-0.8916
-0.79297
-0.35205
0.10254
0.24121
0.041992
-0.20361
-0.19531
0.072266
0.30908
0.23145
-0.13818
-0.4751
-0.45947
-0.085938
0.33594
0.48682
0.34521
0.18994
0.30176
0.65967
0.94727
0.8584
0.40234
-0.09668
-0.30908
-0.20703
-0.068848
-0.17969
-0.53027
-0.81494
-0.74072
-0.3252
0.10254
0.21436
-0.010254
-0.27979
-0.29248
-0.041992
0.18262
0.09668
-0.27539
-0.60986
-0.58594
-0.2002
0.23877
0.41064
0.29248
0.16357
0.30176
0.68652
0.99951
0.93457
0.49951
0.01709
-0.18262
-0.072266
0.068848
-0.04541
-0.40332
-0.70117
-0.64355
-0.24902
0.15527
0.24121
-0.010254
-0.30664
-0.34521
-0.11816
0.085449
-0.01709
-0.40234
-0.74414
-0.72363
-0.33447
0.11182
0.29639
0.19531
0.086914
0.24951
0.65967
0.99951
0.96143
0.55225
0.093262
-0.085449
0.041992
0.19531
0.089355
-0.26611
-0.56641
-0.5166
-0.13477
0.25244
0.31738
0.041992
-0.27979
-0.34521
-0.14502
0.032715
-0.093262
-0.49951
-0.8584
-0.85059
-0.46924
-0.025391
0.16162
0.068848
-0.026855
0.15234
0.5835
0.94727
0.93457
0.55225
0.12012
-0.032715
0.11816
0.29248
0.20361
-0.13916
-0.43164
-0.37939
0
0.37939
0.43164
0.13916
-0.20361
-0.29248
-0.11816
0.032715
-0.12012
-0.55225
-0.93457
-0.94727
-0.5835
-0.15234
0.026855
-0.068848
-0.16162
0.025391
0.46924
0.85059
0.8584
0.49951
0.093262
-0.032715
0.14502
0.34521
0.27979
-0.041992
-0.31738
-0.25244
0.13477
0.5166
0.56641
0.26611
-0.089355
-0.19531
-0.041992
0.085449
-0.093262
-0.55225
-0.96143
-1
-0.65967
-0.24951
-0.086914
-0.19531
-0.29639
-0.11182
0.33447
0.72363
0.74414
0.40234
0.01709
-0.085449
0.11816
0.34521
0.30664
0.010254
-0.24121
-0.15527
0.24902
0.64355
0.70117
0.40332
0.04541
-0.068848
0.072266
0.18262
-0.01709
-0.49951
-0.93457
-1
-0.68652
-0.30176
-0.16357
-0.29248
-0.41064
-0.23877
0.2002
0.58594
0.60986
0.27539
-0.09668
-0.18262
0.041992
0.29248
0.27979
0.010254
-0.21484
-0.10254
0.3252
0.74072
0.81494
0.53027
0.17969
0.068848
0.20703
0.30908
0.09668
-0.40234
-0.8584
-0.94727
-0.65967
-0.30176
-0.19043
-0.34521
-0.48682
-0.33594
0.085938
0.45947
0.4751
0.13818
-0.23145
-0.30908
-0.072266
0.19531
0.20361
-0.041992
-0.24121
-0.10254
0.35156
0.79297
0.8916
0.62744
0.29395
0.19531
0.3418
0.44678
0.23145
-0.27539
-0.74414
-0.85059
-0.5835
-0.24951
-0.16357
-0.34521
-0.51367
-0.38867
0.0097656
0.3623
0.36084
0.01123
-0.36621
-0.44678
-0.20703
0.068848
0.089355
-0.13916
-0.31738
-0.15527
0.3252
0.79297
0.91797
0.67969
0.37012
0.29248
0.45557
0.57373
0.36621
-0.13818
-0.60986
-0.72363
-0.46924
-0.15234
-0.086914
-0.29248
-0.48682
-0.38867
-0.01709
0.30957
0.28467
-0.085938
-0.48047
-0.57373
-0.3418
-0.068848
-0.04541
-0.26611
-0.43164
-0.25244
0.24902
0.74072
0.8916
0.67969
0.39697
0.34521
0.53174
0.67041
0.48047
-0.01123
-0.4751
-0.58594
-0.33447
-0.025391
0.026855
-0.19531
-0.41064
-0.33594
0.0097656
0.30957
0.25781
-0.13818
-0.55664
-0.67041
-0.45557
-0.19531
-0.17969
-0.40332
-0.56641
-0.37939
0.13477
0.64355
0.81494
0.62744
0.37012
0.34521
0.55859
0.72314
0.55664
0.085938
-0.36084
-0.45947
-0.2002
0.11182
0.16162
-0.068848
-0.29639
-0.23877
0.085938
0.3623
0.28467
-0.13818
-0.5835
-0.72314
-0.53174
-0.29248
-0.29395
-0.53027
-0.70117
-0.5166
0
0.5166
0.70117
0.53027
0.29395
0.29248
0.53174
0.72314
0.5835
0.13818
-0.28467
-0.3623
-0.085938
0.23877
0.29639
0.068848
-0.16162
-0.11182
0.2002
0.45947
0.36084
-0.085938
-0.55664
-0.72314
-0.55859
-0.34521
-0.37012
-0.62744
-0.81494
-0.64355
-0.13477
0.37939
0.56641
0.40332
0.17969
0.19531
0.45557
0.67041
0.55664
0.13818
-0.25781
-0.30957
-0.0097656
0.33594
0.41064
0.19531
-0.026855
0.025391
0.33447
0.58594
0.4751
0.01123
-0.48047
-0.67041
-0.53174
-0.34521
-0.39697
-0.67969
-0.8916
-0.74072
-0.24902
0.25244
0.43164
0.26611
0.04541
0.068848
0.3418
0.57373
0.48047
0.085938
-0.28467
-0.30957
0.01709
0.38867
0.48682
0.29248
0.086914
0.15234
0.46924
0.72363
0.60986
0.13818
-0.36621
-0.57373
-0.45557
-0.29248
-0.37012
-0.67969
-0.91846
-0.79297
-0.3252
0.15527
0.31738
0.13916
-0.089355
-0.068848
0.20703
0.44678
0.36621
-0.01123
-0.36084
-0.3623
-0.0097656
0.38867
0.51318
0.34521
0.16357
0.24951
0.5835
0.85059
0.74414
0.27539
-0.23145
-0.44678
-0.3418
-0.19531
-0.29395
-0.62744
-0.8916
-0.79297
-0.35205
0.10254
0.24121
0.041992
-0.20361
-0.19531
0.072266
0.30908
0.23145
-0.13818
-0.4751
-0.45947
-0.085938
0.33594
0.48682
0.34521
0.18994
0.30176
0.65967
0.94727
0.8584
0.40234
-0.09668
-0.30908
-0.20703
-0.068848
-0.17969
-0.53027
-0.81494
-0.74072
-0.3252
0.10254
0.21436
-0.010254
-0.27979
-0.29248
-0.041992
0.18262
0.09668
-0.27539
-0.60986
-0.58594
-0.2002
0.23877
0.41064
0.29248
0.16357
0.30176
0.68652
0.99951
0.93457
0.49951
0.01709
-0.18262
-0.072266
0.068848
-0.04541
-0.40332
-0.70117
-0.64355
-0.24902
0.15527
0.24121
-0.010254
-0.30664
-0.34521
-0.11816
0.085449
-0.01709
-0.40234
-0.74414
-0.72363
-0.33447
0.11182
0.29639
0.19531
0.086914
0.24951
0.65967
0.99951
0.96143
0.55225
0.093262
-0.085449
0.041992
0.19531
0.089355
-0.26611
-0.56641
-0.5166
-0.13477
0.25244
0.31738
0.041992
-0.27979
-0.34521
-0.14502
0.032715
-0.093262
-0.49951
-0.8584
-0.85059
-0.46924
-0.025391
0.16162
0.068848
-0.026855
0.15234
0.5835
0.94727
0.93457
0.55225
0.12012
-0.032715
0.11816
0.29248
0.20361
-0.13916
-0.43164
-0.37939
0
